# File listing prisonners dilemma configurations.
# Auto-generated file based on PresumedBite/.
15 13 7 4 
10 9 4 2 
15 12 6 2 
14 13 10 8 
5 4 2 0 
12 8 5 0 
14 12 10 7 
14 12 5 2 
10 8 5 2 
8 6 3 0 
6 5 2 0 
16 13 8 2 
16 12 7 2 
12 10 5 0 
16 15 7 2 
11 9 5 1 
12 11 8 5 
10 9 4 0 
10 8 3 0 
12 9 5 0 
12 10 6 2 
9 7 3 0 
12 11 8 6 
6 5 3 1 
16 11 7 1 
11 10 4 0 
9 8 5 3 
9 8 3 0 
12 9 4 0 
11 9 4 0 
9 7 4 1 
16 12 9 4 
15 14 8 4 
9 8 4 1 
8 7 4 2 
12 10 4 0 
14 12 7 3 
13 12 10 8 
8 7 5 3 
15 10 6 0 
10 9 4 1 
10 9 6 4 
16 13 7 1 
15 13 7 3 
10 9 5 2 
7 6 2 0 
15 12 7 1 
14 12 7 4 
14 11 6 1 
10 8 4 1 
14 12 6 0 
16 14 8 2 
9 8 4 2 
11 10 3 0 
15 12 6 1 
11 8 4 0 
14 12 5 0 
10 9 5 3 
10 8 4 0 
11 8 5 1 
7 5 3 0 
11 9 3 0 
12 10 8 5 
9 8 3 1 
7 6 3 1 
16 14 11 8 
8 7 3 0 
10 9 3 0 
8 6 4 1 
11 10 7 5 
11 9 6 3 
14 11 7 2 
7 6 4 2 
