# File listing prisonners dilemma configurations.
# Auto-generated file based on PresumedSquare/.
12 10 2 0 
8 7 5 4 
9 8 2 1 
7 6 5 4 
12 8 5 1 
16 15 12 11 
10 8 2 0 
3 2 1 0 
16 14 13 11 
12 9 3 0 
15 12 4 1 
11 8 3 0 
10 9 3 2 
5 4 2 1 
6 4 2 0 
10 7 3 0 
10 9 8 7 
12 9 4 1 
14 13 8 7 
7 6 1 0 
9 8 4 3 
16 10 8 2 
15 13 9 7 
6 5 3 2 
9 8 1 0 
6 5 1 0 
12 11 6 5 
15 14 2 0 
8 7 3 2 
12 11 7 6 
9 6 4 1 
11 7 4 0 
8 7 4 3 
12 10 4 2 
10 9 5 4 
7 6 3 2 
6 5 4 3 
12 10 3 1 
11 10 2 0 
4 3 2 1 
12 11 2 1 
9 7 2 0 
13 11 9 7 
14 13 4 3 
4 3 1 0 
9 7 3 1 
6 4 3 1 
9 6 3 0 
10 8 7 5 
11 10 1 0 
14 10 6 2 
14 12 8 6 
8 6 2 0 
9 7 5 3 
7 5 4 2 
13 11 3 1 
9 8 6 5 
13 9 4 0 
10 8 5 3 
6 5 2 1 
16 13 10 7 
11 9 2 0 
9 8 5 4 
7 6 2 1 
12 11 10 9 
14 9 5 0 
15 11 9 5 
13 10 6 3 
10 9 4 3 
10 9 6 5 
15 13 2 0 
8 7 6 5 
16 14 7 5 
11 8 7 4 
14 12 3 1 
9 7 6 4 
10 9 7 6 
8 5 4 1 
7 5 2 0 
10 9 1 0 
8 6 4 2 
14 12 7 5 
7 6 4 3 
9 8 7 6 
12 8 4 0 
11 10 5 4 
16 12 6 2 
13 12 5 4 
10 9 2 1 
11 10 2 1 
11 7 1 0 
10 8 6 4 
12 11 1 0 
15 13 10 8 
10 8 4 2 
10 7 5 2 
15 13 5 3 
14 9 7 2 
14 13 12 11 
16 12 9 5 
10 6 4 0 
12 11 2 0 
10 8 3 1 
9 6 5 2 
10 7 4 1 
5 4 3 2 
9 7 4 2 
8 6 5 3 
7 5 3 1 
10 7 6 3 
13 12 3 2 
8 5 3 0 
9 8 3 2 
13 12 8 7 
8 7 1 0 
8 6 3 1 
14 10 5 1 
16 13 4 1 
13 9 7 3 
11 7 5 1 
