# File listing prisonners dilemma configurations.
# Auto-generated file based on PresumedRawls/.
9 8 7 0 
10 8 5 0 
8 7 4 0 
8 7 6 3 
12 11 7 0 
13 12 7 0 
16 15 8 1 
10 9 8 0 
10 7 5 1 
9 8 6 3 
7 5 4 1 
16 15 13 0 
10 9 6 2 
9 6 4 0 
15 14 10 4 
10 8 7 1 
15 14 8 2 
5 4 3 0 
9 8 5 1 
10 9 6 0 
7 6 5 0 
14 12 10 3 
16 13 11 4 
10 9 7 4 
9 6 5 0 
9 8 6 0 
10 8 6 2 
8 7 5 1 
9 7 5 0 
12 11 7 2 
14 12 11 8 
10 7 6 1 
10 8 7 3 
9 8 7 4 
16 14 13 2 
15 12 10 5 
8 5 4 0 
7 6 5 1 
10 9 8 2 
10 8 7 2 
8 6 5 2 
13 11 10 5 
12 10 6 0 
15 13 9 4 
10 8 6 0 
11 10 9 5 
14 11 9 3 
16 15 13 9 
10 9 8 6 
16 10 8 1 
14 9 7 1 
10 9 7 0 
13 10 8 2 
16 14 12 0 
10 9 8 1 
15 14 12 8 
16 12 9 3 
16 14 9 3 
14 13 12 10 
16 15 11 6 
7 6 5 2 
9 7 6 3 
8 7 5 0 
13 12 9 0 
12 9 6 0 
9 8 7 5 
15 12 9 0 
9 7 5 1 
14 11 9 1 
10 8 6 1 
12 11 8 0 
9 6 5 1 
10 9 6 1 
14 12 9 3 
9 7 4 0 
15 14 10 3 
13 11 7 1 
16 15 14 9 
10 8 5 1 
9 7 6 0 
10 9 7 1 
10 9 7 2 
14 11 8 1 
13 9 6 0 
10 7 5 0 
14 13 8 0 
14 12 7 1 
10 8 7 0 
9 8 4 0 
8 6 5 0 
16 15 12 7 
15 14 13 8 
8 7 6 0 
16 13 11 3 
16 15 13 2 
11 9 6 0 
10 9 8 4 
16 15 13 7 
10 9 7 3 
15 13 9 2 
14 13 10 4 
16 12 9 0 
14 12 10 2 
13 12 8 2 
10 9 8 5 
14 12 7 0 
14 12 8 1 
16 14 12 2 
12 10 8 1 
13 12 10 4 
15 14 12 4 
5 4 3 1 
10 7 6 0 
16 14 11 3 
8 7 6 2 
15 11 8 2 
15 12 10 1 
8 7 6 1 
8 6 4 0 
14 11 10 6 
15 12 8 0 
16 15 14 10 
9 7 6 1 
8 7 6 4 
7 6 5 3 
13 11 7 2 
9 8 6 1 
6 5 4 0 
9 8 7 1 
16 13 11 0 
10 7 6 2 
9 8 5 0 
13 12 10 1 
16 15 14 8 
9 8 6 2 
16 15 10 5 
10 9 8 3 
7 5 4 0 
9 8 7 3 
14 12 8 3 
13 10 8 0 
10 8 7 4 
7 6 4 1 
6 5 4 2 
9 7 6 2 
10 9 5 0 
11 8 6 0 
16 14 12 7 
6 5 3 0 
16 11 9 3 
10 9 5 1 
6 4 3 0 
6 5 4 1 
8 7 5 2 
7 6 4 0 
15 14 9 4 
15 12 8 1 
16 15 13 4 
15 9 7 0 
12 10 8 4 
9 8 7 2 
8 6 5 1 
12 11 8 2 
12 9 7 0 
4 3 2 0 
14 13 9 4 
